0 0.406046 0.620850 1.089052 1.268066 -0.526252 -0.850329
0 0.416054 0.672363 1.019199 1.152344 -0.330793 -0.943703
0 0.381127 0.640381 1.057190 1.209473 -0.433666 -0.901073
0 0.434641 0.584961 0.979575 1.111328 -0.244877 -0.969554
0 0.429330 0.596924 0.979575 1.108887 -0.243941 -0.969790
0 0.469363 0.385986 0.977124 1.113770 0.240422 -0.970668
0 0.516340 0.323730 1.016340 1.164063 0.318022 -0.948083
0 0.529003 0.559326 0.897059 0.989746 -0.108458 0.994101
0 0.501430 0.507568 0.775735 0.996582 0.999659 -0.026096
0 0.494485 0.651855 1.020016 1.169922 -0.323986 0.946062
0 0.480188 0.594238 0.965278 1.088867 -0.220193 0.975456
0 0.610498 0.624756 1.100899 1.293457 -0.569774 0.821802
0 0.527165 0.347900 0.966912 1.092285 0.224415 0.974494
0 0.562296 0.651611 1.063317 1.229980 -0.433210 0.901293
0 0.500408 0.669189 1.071895 1.245605 -0.453173 0.891423
0 0.568832 0.421631 0.956291 1.081543 0.205500 0.978657
0 0.566176 0.589355 1.016340 1.163086 -0.318910 0.947785
0 0.595180 0.500488 0.753268 0.986328 -0.999940 -0.010999
0 0.438317 0.507324 0.743464 0.970703 -1.000000 0.000007
0 0.423611 0.454102 0.825163 0.904297 -0.004980 -0.999988
0 0.422794 0.354492 1.016340 1.154297 0.320102 -0.947383
0 0.449142 0.509766 0.854167 0.940430 -0.044820 -0.998995
0 0.464461 0.362061 1.002451 1.152832 0.285516 -0.958374
0 0.523897 0.442627 1.012663 1.153809 0.317425 -0.948283
0 0.488766 0.313232 0.999592 1.124512 0.293736 -0.955887
0 0.530637 0.527100 0.830882 0.925293 0.015966 -0.999873
0 0.461193 0.403809 0.906863 1.022461 0.122684 -0.992446
0 0.418096 0.364014 1.103350 1.297363 0.549178 -0.835705
0 0.404616 0.626953 1.046160 1.194336 -0.396436 -0.918062
0 0.412786 0.381348 0.976716 1.086914 0.246510 -0.969140
0 0.432598 0.562256 0.989379 1.119629 -0.261435 -0.965221
0 0.509804 0.628662 1.070261 1.243652 -0.447606 0.894231
0 0.582925 0.436035 0.889706 0.992188 0.098707 0.995117
0 0.439338 0.614990 1.002859 1.144043 -0.285613 -0.958345
0 0.428922 0.641602 1.074346 1.241211 -0.470485 -0.882408
0 0.510008 0.489502 0.878676 0.982910 -0.080728 0.996736
0 0.537173 0.650635 1.042484 1.206543 -0.365707 0.930730
0 0.569444 0.375244 1.063725 1.230957 0.432012 0.901868
0 0.410743 0.376953 1.098448 1.289063 0.570657 -0.821189
0 0.388889 0.377197 1.117647 1.327637 0.648659 -0.761080
0 0.505106 0.468262 0.829657 0.917969 0.012966 0.999916
0 0.553105 0.505859 0.757353 0.987305 -0.999960 -0.008973
0 0.567810 0.586914 0.924837 1.018555 -0.152125 0.988361
0 0.543913 0.410889 0.979984 1.117676 0.244170 0.969733
0 0.557190 0.639160 1.107026 1.306641 -0.607444 0.794362
0 0.469976 0.641602 0.972631 1.088867 -0.233403 0.972380
0 0.496936 0.436279 0.967729 1.094238 0.223034 0.974811
0 0.535948 0.333984 1.011438 1.145508 0.314429 0.949281
0 0.573529 0.332764 0.991830 1.114746 0.274451 0.961601
0 0.501225 0.508301 0.745915 0.993164 -0.999929 -0.011928
1 0.732843 0.424805 0.250000 0.426758 0.962752 0.270387
1 0.482230 0.745605 0.345997 0.269531 0.157389 0.987537
1 0.543505 0.427002 0.361520 0.323730 0.335203 0.942146
1 0.263889 0.284180 0.364379 0.394531 -0.579555 0.814933
1 0.717320 0.325928 0.195261 0.402832 0.995597 -0.093733
1 0.766544 0.548096 0.180147 0.396973 0.998968 0.045415
1 0.534518 0.541992 0.216095 0.413086 0.988048 -0.154146
1 0.256944 0.246582 0.363562 0.381836 0.556442 -0.830886
1 0.452410 0.471924 0.315768 0.436035 0.852528 -0.522681
1 0.720792 0.677734 0.317402 0.438477 0.857717 -0.514121
1 0.448325 0.893799 0.352533 0.283691 0.212640 -0.977131
1 0.706087 0.323242 0.361520 0.326172 0.350282 0.936644
1 0.541871 0.743896 0.354984 0.395020 0.627153 0.778896
1 0.373979 0.495117 0.363154 0.332031 -0.373997 0.927430
1 0.688930 0.719971 0.323121 0.196777 0.000000 -1.000000
1 0.332516 0.698975 0.364379 0.339355 -0.400015 0.916509
1 0.674224 0.760986 0.363154 0.335449 -0.390550 -0.920582
1 0.600694 0.747803 0.364788 0.352051 -0.441112 0.897452
1 0.459150 0.795166 0.339052 0.270996 0.115207 -0.993341
1 0.612745 0.471924 0.357843 0.398926 -0.624070 0.781368
1 0.501838 0.752930 0.363971 0.360352 0.480268 -0.877122
1 0.681373 0.366211 0.180556 0.388672 0.999738 0.022902
1 0.480596 0.696045 0.279003 0.434082 -0.920444 -0.390874
1 0.297386 0.391113 0.365196 0.370117 -0.501036 -0.865426
1 0.679534 0.312988 0.356618 0.398438 0.631159 0.775653
1 0.436070 0.608643 0.350899 0.426270 0.727149 0.686480
1 0.503472 0.559814 0.363971 0.351074 0.447207 0.894430
1 0.652165 0.314941 0.372958 0.408203 0.570540 -0.821270
1 0.522876 0.537109 0.364379 0.382813 0.539989 -0.841672
1 0.534314 0.481689 0.251634 0.425293 0.968475 -0.249109
1 0.506740 0.578125 0.341912 0.424805 -0.750060 -0.661370
1 0.689542 0.442627 0.183824 0.395020 -0.998839 0.048175
1 0.340278 0.508545 0.344771 0.427246 0.748803 -0.662792
1 0.543301 0.452881 0.202614 0.395020 0.998561 -0.053631
1 0.481209 0.516113 0.339052 0.245117 -0.104017 0.994576
1 0.634191 0.720703 0.323121 0.431641 -0.816964 0.576689
1 0.425858 0.726807 0.252859 0.428223 -0.958518 -0.285033
1 0.752451 0.336426 0.358660 0.398438 -0.619396 -0.785078
1 0.236111 0.357666 0.223856 0.413574 0.988372 -0.152057
1 0.665850 0.753418 0.362745 0.328125 -0.379605 0.925149
1 0.492443 0.704834 0.307598 0.436035 -0.866059 -0.499941
1 0.182394 0.709717 0.185866 0.398926 0.998733 0.050321
1 0.264502 0.301514 0.328023 0.215332 -0.025237 0.999681
1 0.325368 0.670166 0.328840 0.432129 -0.807526 0.589832
1 0.453840 0.323975 0.343954 0.252441 0.141769 0.989900
1 0.551879 0.673340 0.348856 0.413086 -0.695627 0.718403
1 0.636846 0.456787 0.218954 0.413574 0.986394 -0.164399
1 0.701389 0.629150 0.327614 0.214355 0.030513 0.999534
1 0.600082 0.490479 0.358660 0.395020 0.611297 0.791401
1 0.541054 0.741455 0.310866 0.435059 -0.857935 0.513758
2 0.453431 0.692627 0.292484 0.191895 0.183566 0.983007
2 0.500613 0.685303 0.243873 0.349121 -0.838376 -0.545092
2 0.598856 0.233887 0.294935 0.274414 -0.477806 0.878466
2 0.184028 0.239746 0.298611 0.246094 -0.366292 -0.930500
2 0.605392 0.754883 0.278595 0.322266 -0.678403 -0.734690
2 0.592525 0.353516 0.293709 0.282227 -0.507922 0.861403
2 0.432802 0.304443 0.170343 0.351074 -0.974840 -0.222906
2 0.385008 0.772949 0.279820 0.320313 0.669123 0.743152
2 0.400531 0.560303 0.183415 0.354004 0.961187 -0.275896
2 0.574959 0.455322 0.223448 0.354004 0.892637 0.450775
2 0.356822 0.554443 0.272467 0.329590 -0.715921 0.698181
2 0.282680 0.804443 0.294935 0.200684 -0.211934 0.977284
2 0.533292 0.741211 0.296160 0.271484 -0.466107 0.884728
2 0.271446 0.753662 0.295343 0.205566 0.227222 0.973843
2 0.469771 0.450439 0.148693 0.345215 0.990243 0.139353
2 0.241830 0.329346 0.149510 0.345215 0.990244 -0.139346
2 0.271650 0.521484 0.203431 0.356445 0.933496 0.358589
2 0.710989 0.672607 0.131944 0.338379 0.997001 0.077387
2 0.585172 0.465332 0.247958 0.346680 -0.824215 -0.566277
2 0.186683 0.495850 0.298203 0.232910 0.324167 0.946000
2 0.372345 0.829102 0.274101 0.327148 0.704130 -0.710072
2 0.448938 0.423584 0.279412 0.144043 -0.029661 -0.999560
2 0.725082 0.281982 0.261438 0.337402 -0.768221 -0.640184
2 0.205065 0.342529 0.204248 0.355957 -0.932116 -0.362160
2 0.400735 0.531250 0.230392 0.353516 -0.875966 -0.482373
2 0.482026 0.786133 0.284314 0.312500 -0.634038 0.773302
2 0.250000 0.392334 0.290033 0.299316 -0.577026 0.816726
2 0.506740 0.308350 0.273284 0.326660 -0.710066 0.704135
2 0.170956 0.226074 0.246324 0.349609 -0.832046 0.554706
2 0.551471 0.787354 0.242647 0.350098 0.841944 0.539565
2 0.262459 0.410645 0.293709 0.288086 -0.531319 0.847172
2 0.341912 0.668213 0.294118 0.200684 0.212545 0.977151
2 0.692606 0.374023 0.296977 0.234375 0.328629 0.944459
2 0.675245 0.396240 0.296569 0.261230 -0.428080 0.903741
2 0.414216 0.837646 0.293301 0.199707 -0.210331 0.977630
2 0.555351 0.366943 0.181781 0.353027 -0.963516 0.267651
2 0.252655 0.796875 0.283088 0.151367 -0.053023 -0.998593
2 0.412786 0.371338 0.289624 0.180176 0.145153 -0.989409
2 0.529616 0.631592 0.290441 0.185059 0.160071 -0.987105
2 0.338440 0.289063 0.296977 0.221680 0.284088 -0.958798
2 0.248979 0.482666 0.243873 0.350098 -0.840601 -0.541655
2 0.213440 0.723145 0.279820 0.322266 0.675452 0.737404
2 0.380106 0.588623 0.288807 0.302246 0.590457 0.807069
2 0.592933 0.777832 0.270016 0.332031 -0.730463 -0.682953
2 0.624796 0.217529 0.287990 0.302246 0.593807 -0.804608
2 0.333538 0.310059 0.290441 0.182617 0.153835 -0.988096
2 0.725899 0.356445 0.123366 0.334961 0.999011 0.044474
2 0.429534 0.521973 0.287990 0.159180 0.075805 -0.997123
2 0.213235 0.351563 0.279412 0.322266 -0.676928 -0.736049
2 0.143382 0.178223 0.260621 0.341797 -0.778553 -0.627579
3 0.583946 0.310059 0.285539 0.280273 -0.524772 0.851243
3 0.697304 0.282715 0.137255 0.331055 -0.994572 0.104055
3 0.559845 0.737549 0.230801 0.343262 -0.863886 0.503688
3 0.244281 0.833252 0.286765 0.202637 0.228184 0.973618
3 0.470180 0.446045 0.289216 0.255371 0.425061 -0.905165
3 0.444036 0.612061 0.282680 0.185059 0.168369 -0.985724
3 0.293505 0.762207 0.275735 0.157227 0.076463 -0.997072
3 0.422590 0.832031 0.253676 0.333008 0.782055 0.623209
3 0.536152 0.378174 0.223448 0.344238 0.883112 0.469162
3 0.350490 0.871094 0.277778 0.163086 -0.097394 -0.995246
3 0.308824 0.613525 0.289216 0.233887 -0.341736 0.939796
3 0.314951 0.529297 0.271242 0.140625 0.024383 -0.999703
3 0.435662 0.633057 0.152369 0.337402 -0.987286 0.158951
3 0.221814 0.535889 0.285948 0.198730 0.218854 0.975758
3 0.374591 0.463623 0.151961 0.336426 -0.987763 -0.155963
3 0.622753 0.462646 0.280637 0.178223 0.149987 -0.988688
3 0.556168 0.541504 0.133578 0.330078 0.996331 0.085582
3 0.250613 0.706299 0.290441 0.229004 -0.318960 -0.947768
3 0.248162 0.670654 0.246324 0.338379 0.814763 -0.579794
3 0.605596 0.638428 0.286356 0.206543 -0.244687 0.969602
3 0.479575 0.445313 0.278595 0.302734 -0.623204 -0.782060
3 0.476920 0.852783 0.288807 0.223145 0.302440 0.953168
3 0.294322 0.079834 0.286356 0.277832 -0.513148 -0.858300
3 0.288399 0.301025 0.263072 0.324707 -0.734094 0.679047
3 0.521650 0.757813 0.288399 0.221680 0.299661 0.954046
3 0.518791 0.710693 0.159314 0.339355 0.981852 0.189649
3 0.572508 0.792969 0.288807 0.262695 0.452088 0.891973
3 0.591708 0.802979 0.214461 0.346191 0.905715 -0.423887
3 0.637868 0.770752 0.288807 0.256348 0.425061 -0.905165
3 0.663194 0.450195 0.168709 0.340820 -0.973133 0.230244
3 0.300041 0.878906 0.265931 0.324219 -0.723632 -0.690186
3 0.516136 0.350830 0.263480 0.323730 0.731152 0.682215
3 0.656658 0.569092 0.287173 0.270020 0.481206 0.876607
3 0.489992 0.653320 0.123775 0.326172 0.998797 0.049028
3 0.498162 0.428223 0.285539 0.201172 0.223740 -0.974649
3 0.547794 0.649902 0.286765 0.208008 -0.248302 -0.968683
3 0.358252 0.353516 0.281863 0.179688 0.152516 -0.988301
3 0.603145 0.199219 0.281454 0.291992 -0.577165 -0.816627
3 0.623979 0.258545 0.288807 0.236816 0.358152 0.933663
3 0.540237 0.426025 0.277369 0.304199 -0.629896 0.776680
3 0.594567 0.707031 0.285539 0.280273 0.523920 0.851767
3 0.411969 0.430664 0.285539 0.198242 0.213697 -0.976900
3 0.577002 0.576416 0.265931 0.320801 -0.714696 0.699435
3 0.642157 0.698730 0.143791 0.333984 0.991703 -0.128554
3 0.633170 0.805908 0.225490 0.344238 -0.878012 -0.478639
3 0.499796 0.699463 0.285539 0.282715 -0.531915 0.846798
3 0.628472 0.340576 0.288807 0.251465 -0.412644 0.910892
3 0.393995 0.501709 0.260212 0.327637 0.750106 -0.661318
3 0.589461 0.555176 0.124183 0.326172 0.998643 -0.052076
3 0.259191 0.377930 0.283088 0.293945 0.579794 -0.814763

