0.476845 0.562097 0.950564 1.107836 -39.290604 -140.709396 144.766006 -144.766006
0.476845 0.562097 0.950564 1.107836 -39.290604 -140.709396 144.766006 -144.766006
0.451240 0.595690 0.939212 0.954380 -15.958496 -164.041504 157.911163 -157.911163
0.448414 0.565492 0.897261 1.095480 -27.629293 -152.370712 157.115143 -157.115143
0.452237 0.564889 0.910199 1.070897 -13.163240 -166.836761 167.076462 -167.076462
0.453087 0.570203 0.898099 1.078454 -11.424164 -168.575836 165.282654 -165.282654
0.479240 0.423920 0.963258 1.052229 15.067215 164.932785 162.577072 -162.577072
0.509589 0.403457 0.971766 0.983887 18.500004 161.500000 159.164200 -159.164200
0.526726 0.557991 0.918930 1.009859 -7.699786 -172.300217 10.816408 -10.816408
0.501842 0.514937 0.857405 0.955940 89.999786 90.000214 90.332787 -90.332787
0.496749 0.572076 0.982450 1.045349 -18.115101 -161.884903 17.075890 -17.075890
0.481072 0.572185 0.959032 1.064486 -13.127654 -166.872345 7.413951 -7.413951
0.518599 0.533630 0.953733 1.099291 -37.337639 -142.662354 31.222624 -31.222624
0.515893 0.395299 0.993606 1.019804 14.617177 165.382828 3.701202 -3.701202
0.515457 0.561167 0.960600 1.097188 -23.932062 -156.067932 26.939854 -26.939854
0.493923 0.560040 0.991813 1.048343 -27.114889 -152.885117 28.118483 -28.118483
0.545967 0.436984 0.889337 1.073346 11.495796 168.504211 8.056474 -8.056474
0.523574 0.563125 0.935206 1.084701 -16.513803 -163.486191 16.194031 -16.194031
0.597553 0.500973 0.746215 0.996320 -89.999786 -90.000214 89.333542 -89.333542
0.440715 0.503741 0.743715 0.993422 -89.999786 -90.000214 90.316788 -90.316788
0.440843 0.447197 0.814270 0.928268 -0.930095 -179.069901 173.405411 -173.405411
0.469202 0.411678 0.947474 1.034544 19.029690 160.970306 156.794540 -156.794540
0.454053 0.513738 0.860135 0.974873 -4.499541 -175.500458 179.999573 -179.999573
0.480735 0.420820 0.967581 1.068110 19.462822 160.537170 157.725327 -157.725327
0.511432 0.471120 0.975096 1.058182 18.219904 161.780090 155.644135 -155.644135
0.494797 0.390198 0.974067 0.942482 17.356104 162.643890 166.870667 -166.870667
0.526699 0.523818 0.876425 0.955330 0.490583 179.509415 179.999573 -179.999573
0.466550 0.420450 0.880685 1.015789 7.241956 172.758041 179.999573 -179.999573
0.483183 0.460977 0.968193 1.090956 34.600300 145.399704 146.157272 -146.157272
0.451561 0.563444 0.910307 1.102113 -24.365658 -155.634338 157.400269 -157.400269
0.449423 0.411898 0.916039 1.031079 15.149234 164.850769 166.117111 -166.117111
0.453730 0.558801 0.908569 1.108028 -16.517315 -163.482681 159.526245 -159.526245
0.496226 0.555990 0.987085 1.065168 -23.717102 -156.282898 31.386980 -31.386980
0.560977 0.442725 0.832262 1.014411 4.077374 175.922623 14.329749 -14.329749
0.469531 0.566226 0.935887 1.058626 -14.838309 -165.161697 164.976624 -164.976624
0.482138 0.564330 0.960198 1.111743 -28.932709 -151.067291 151.925354 -151.925354
0.515591 0.487941 0.865426 0.979626 -3.682271 -176.317734 0.000000 -0.000000
0.508923 0.560672 0.988489 1.051275 -21.254538 -158.745468 20.234512 -20.234512
0.517002 0.436254 0.974549 1.094970 29.326321 150.673676 21.489599 -21.489599
0.475138 0.463879 0.946369 1.093343 36.013565 143.986435 145.572327 -145.572327
0.473570 0.478796 0.973315 1.143165 28.814190 151.185806 146.911804 -146.911804
0.507334 0.464069 0.857611 0.922809 2.980819 177.019180 18.558180 -18.558180
0.549437 0.504495 0.783247 0.992457 -82.121452 -97.878548 89.378616 -89.378616
0.546708 0.580868 0.890278 1.030030 -9.205918 -170.794083 0.000000 -0.000000
0.523125 0.435975 0.973216 1.083869 12.887711 167.112289 16.088978 -16.088978
0.504095 0.533203 0.978335 1.132821 -40.382797 -139.617203 36.594498 -36.594498
0.477552 0.599886 0.941659 1.034924 -16.661356 -163.338638 10.055606 -10.055606
0.497527 0.460075 0.980631 1.070456 13.712429 166.287567 17.686176 -17.686176
0.509896 0.407683 1.011849 1.024931 20.764521 159.235474 7.617784 -7.617784
0.546572 0.394054 0.938479 1.007029 16.763453 163.236542 0.000000 -0.000000
0.503649 0.512639 0.751433 0.997667 -89.999786 -90.000214 92.603828 -92.603828
0.732377 0.425982 0.253241 0.428407 75.758453 104.241547 74.959221 -74.959221
0.480026 0.749739 0.342521 0.281381 9.606455 170.393539 15.503111 -15.503111
0.544330 0.429361 0.369461 0.322406 19.750414 160.249588 19.464289 -19.464289
0.259742 0.280894 0.361312 0.397632 -35.127899 -144.872101 36.604816 -36.604816
0.718238 0.326731 0.197778 0.404462 79.898186 100.101814 94.556046 -94.556046
0.765218 0.542503 0.185989 0.396887 81.211227 98.788773 91.371834 -91.371834
0.533236 0.540819 0.219752 0.410321 89.999786 90.000214 99.209496 -99.209496
0.257523 0.245536 0.362473 0.374681 32.559521 147.440475 146.185608 -146.185608
0.452607 0.472663 0.311335 0.434489 53.745819 126.254181 120.718742 -120.718742
0.723773 0.678818 0.311955 0.438304 64.135193 115.864807 121.199814 -121.199814
0.445687 0.887021 0.336011 0.268776 9.417927 170.582077 161.116913 -161.116913
0.703129 0.324106 0.368019 0.329146 18.889467 161.110535 19.885420 -19.885420
0.544858 0.744272 0.359905 0.400278 37.395302 142.604706 39.966801 -39.966801
0.370615 0.494186 0.358513 0.338405 -20.668652 -159.331345 24.206635 -24.206635
0.683474 0.721867 0.321831 0.203606 2.548379 177.451614 165.361710 -165.361710
0.333250 0.697853 0.366485 0.338866 -24.208836 -155.791168 22.487070 -22.487070
0.673189 0.765566 0.362102 0.333594 -22.631264 -157.368744 156.103287 -156.103287
0.601588 0.747489 0.360569 0.348294 -27.775969 -152.224030 28.615389 -28.615389
0.464911 0.794472 0.343922 0.260836 7.096265 172.903732 179.999573 -179.999573
0.608807 0.468089 0.361567 0.406118 -39.674141 -140.325867 40.849644 -40.849644
0.501603 0.750884 0.368986 0.354850 27.956364 152.043640 151.445251 -151.445251
0.680245 0.369501 0.193681 0.401047 87.026711 92.973289 88.669121 -88.669121
0.478364 0.695179 0.276149 0.439453 -62.288086 -117.711914 114.934113 -114.934113
0.295939 0.390104 0.364604 0.365402 -30.052698 -149.947296 148.166290 -148.166290
0.679886 0.312096 0.355569 0.397206 38.719147 141.280853 38.177582 -38.177582
0.437023 0.612107 0.350904 0.425235 47.909237 132.090759 47.674793 -47.674793
0.500663 0.559147 0.365300 0.342160 25.677248 154.322754 25.648262 -25.648262
0.652094 0.312588 0.359651 0.407264 35.174068 144.825928 141.912964 -141.912964
0.521287 0.535839 0.377089 0.384051 31.933044 148.066956 148.289597 -148.289597
0.532808 0.482245 0.259979 0.416673 89.999786 90.000214 102.570595 -102.570595
0.506959 0.581975 0.346568 0.433778 -51.455173 -128.544830 130.906677 -130.906677
0.687614 0.444109 0.187420 0.407900 -83.073639 -96.926361 89.361809 -89.361809
0.338310 0.509628 0.335263 0.422420 50.496590 129.503418 130.143112 -130.143112
0.543175 0.459592 0.198544 0.393791 74.125305 105.874695 93.637817 -93.637817
0.476332 0.516133 0.339676 0.253972 -5.303222 -174.696777 9.274574 -9.274574
0.631738 0.722324 0.329134 0.429023 -55.358356 -124.641647 54.890347 -54.890347
0.424427 0.733313 0.250775 0.418307 -64.965302 -115.034698 108.701599 -108.701599
0.751993 0.336181 0.365975 0.404302 -38.640862 -141.359131 139.710648 -139.710648
0.238162 0.365648 0.215228 0.409283 86.853386 93.146614 100.389870 -100.389870
0.666579 0.756126 0.357755 0.324141 -23.906206 -156.093796 28.351143 -28.351143
0.489669 0.705591 0.309626 0.440159 -59.778290 -120.221710 122.071159 -122.071159
0.180157 0.709353 0.195745 0.399057 89.999786 90.000214 87.807144 -87.807144
0.266070 0.301909 0.326824 0.222168 -1.383860 -178.616135 0.000000 -0.000000
0.320137 0.669831 0.326676 0.440091 -54.262104 -125.737900 53.561050 -53.561050
0.453386 0.324543 0.339808 0.245799 9.069543 170.930450 13.557053 -13.557053
0.549468 0.673920 0.346819 0.419508 -44.645672 -135.354324 43.116707 -43.116707
0.638857 0.460173 0.217214 0.407009 72.582329 107.417671 99.751190 -99.751190
0.699435 0.625412 0.321437 0.226405 2.660465 177.339539 12.959662 -12.959662
0.601257 0.490312 0.359871 0.395431 37.784409 142.215591 37.713963 -37.713963
0.543426 0.742989 0.321578 0.431975 -59.500301 -120.499695 58.950016 -58.950016
0.451729 0.693722 0.293102 0.191594 10.402854 169.597153 7.776230 -7.776230
0.501225 0.689177 0.243351 0.347276 -57.434944 -122.565056 123.418060 -123.418060
0.598605 0.233293 0.292202 0.274738 -28.227406 -151.772598 29.453281 -29.453281
0.179701 0.241104 0.306113 0.246015 -21.091953 -158.908051 164.453064 -164.453064
0.604913 0.755816 0.281034 0.324122 -43.746597 -136.253403 136.914062 -136.914062
0.588343 0.354276 0.293797 0.292626 -30.687975 -149.312027 29.871075 -29.871075
0.430530 0.304122 0.169985 0.350696 -79.142044 -100.857956 106.202820 -106.202820
0.380725 0.773640 0.281250 0.321969 40.334076 139.665924 43.644459 -43.644459
0.399510 0.558723 0.176029 0.349372 75.706856 104.293144 106.167831 -106.167831
0.577027 0.458815 0.218977 0.358381 64.778160 115.221840 63.532932 -63.532932
0.355916 0.552955 0.270894 0.331853 -47.082039 -132.917969 46.287041 -46.287041
0.279272 0.803012 0.298012 0.194859 -12.902894 -167.097107 17.785099 -17.785099
0.531474 0.741131 0.301244 0.281998 -26.742231 -153.257767 30.692993 -30.692993
0.270428 0.755268 0.302635 0.210167 13.604411 166.395584 16.282135 -16.282135
0.470342 0.458821 0.150243 0.334246 89.999786 90.000214 83.463127 -83.463127
0.239829 0.332644 0.147966 0.332441 89.999786 90.000214 97.393112 -97.393112
0.270338 0.522497 0.214669 0.360816 64.177338 115.822662 66.679619 -66.679619
0.711734 0.673095 0.136056 0.341976 82.503426 97.496574 84.282028 -84.282028
0.584341 0.464521 0.250272 0.347892 -51.997364 -128.002640 124.006645 -124.006645
0.183732 0.495638 0.296924 0.229129 18.591162 161.408844 17.792444 -17.792444
0.371681 0.830953 0.276344 0.332370 45.326912 134.673096 134.937820 -134.937820
0.448732 0.425904 0.275459 0.152519 -1.555045 -178.444962 179.999573 -179.999573
0.723572 0.281279 0.262216 0.337860 -50.004921 -129.995087 130.225784 -130.225784
0.202940 0.341735 0.215967 0.359548 -69.002220 -110.997780 113.831192 -113.831192
0.400038 0.532700 0.238149 0.358382 -62.398560 -117.601440 118.516106 -118.516106
0.482950 0.784737 0.286406 0.318752 -41.271915 -138.728088 40.368099 -40.368099
0.249132 0.393820 0.285654 0.304204 -35.535797 -144.464203 32.891155 -32.891155
0.505774 0.309678 0.271841 0.326988 -47.474827 -132.525177 44.786407 -44.786407
0.169018 0.224904 0.251124 0.353457 -56.300171 -123.699829 56.856453 -56.856453
0.551109 0.788032 0.244532 0.345008 56.522160 123.477844 58.190601 -58.190601
0.262232 0.409650 0.295228 0.300446 -31.737944 -148.262054 30.298965 -30.298965
0.344322 0.668371 0.299500 0.200574 12.738000 167.261993 10.939878 -10.939878
0.688341 0.374362 0.301055 0.231487 19.532595 160.467407 23.632027 -23.632027
0.674952 0.397976 0.298608 0.271504 -24.582987 -155.417007 25.431175 -25.431175
0.414125 0.836933 0.290305 0.199990 -13.486132 -166.513870 13.544634 -13.544634
0.552823 0.359038 0.182904 0.352122 -75.263451 -104.736549 74.974236 -74.974236
0.248768 0.796541 0.288925 0.151151 -2.846112 -177.153885 173.994797 -173.994797
0.414453 0.371507 0.288062 0.180842 9.008194 170.991806 163.918076 -163.918076
0.529116 0.632090 0.283230 0.180531 11.974699 168.025299 166.368408 -166.368408
0.338433 0.287889 0.299251 0.228268 18.425600 161.574402 160.534546 -160.534546
0.248060 0.483154 0.242541 0.352555 -58.547871 -121.452133 122.368317 -122.368317
0.214423 0.722222 0.291350 0.323570 41.526505 138.473495 41.874828 -41.874828
0.378936 0.590169 0.298614 0.297924 35.698112 144.301880 36.931591 -36.931591
0.593369 0.777052 0.271275 0.338814 -50.252151 -129.747849 134.717422 -134.717422
0.626125 0.220249 0.296622 0.297963 39.367706 140.632294 143.153427 -143.153427
0.334899 0.310181 0.289256 0.182466 11.030403 168.969604 165.792053 -165.792053
0.725271 0.366068 0.126711 0.336110 81.840622 98.159378 87.793579 -87.793579
0.424843 0.523777 0.285293 0.162072 3.134697 176.865295 179.999573 -179.999573
0.212938 0.350892 0.285004 0.324526 -42.493015 -137.506989 138.597748 -138.597748
0.143572 0.185385 0.249336 0.320081 -53.365505 -126.634491 122.264534 -122.264534
0.583292 0.310318 0.285972 0.279164 -32.479839 -147.520157 31.332026 -31.332026
0.697612 0.287022 0.147351 0.329048 -84.943588 -95.056412 86.363037 -86.363037
0.557331 0.737288 0.229342 0.337266 -58.362167 -121.637833 60.889523 -60.889523
0.246044 0.834790 0.288919 0.197331 15.731318 164.268677 13.968580 -13.968580
0.470105 0.443764 0.289805 0.256455 25.340538 154.659454 157.351929 -157.351929
0.444257 0.611147 0.284076 0.187168 8.886789 171.113205 172.237976 -172.237976
0.292387 0.760383 0.279276 0.146163 5.004201 174.995804 179.999573 -179.999573
0.425947 0.831868 0.251594 0.333269 52.175396 127.824600 52.192158 -52.192158
0.533629 0.381856 0.221540 0.349084 61.160931 118.839066 61.289738 -61.289738
0.350931 0.871936 0.276802 0.157578 -5.373817 -174.626190 179.999573 -179.999573
0.311278 0.614408 0.291114 0.231759 -20.058086 -159.941910 22.147718 -22.147718
0.313844 0.527664 0.274605 0.141977 1.823945 178.176056 170.778870 -170.778870
0.436350 0.630996 0.149790 0.338695 -89.999786 -90.000214 80.020729 -80.020729
0.224026 0.539137 0.281885 0.194697 12.185711 167.814285 0.000000 -0.000000
0.374160 0.464939 0.151341 0.336378 -89.999786 -90.000214 98.970314 -98.970314
0.621900 0.459028 0.285448 0.171291 7.918420 172.081573 170.844986 -170.844986
0.556173 0.538350 0.130917 0.328501 80.909233 99.090767 83.776192 -83.776192
0.251103 0.705091 0.296837 0.237947 -18.641897 -161.358109 163.939178 -163.939178
0.248154 0.672347 0.239082 0.344532 55.142612 124.857391 124.267784 -124.267784
0.603303 0.642054 0.293116 0.209389 -12.150064 -167.849930 18.898832 -18.898832
0.478611 0.445825 0.273859 0.308239 -39.014416 -140.985580 140.746902 -140.746902
0.475990 0.854201 0.289119 0.220599 18.035547 161.964447 13.973701 -13.973701
0.296144 0.090299 0.291022 0.246881 -30.989653 -149.010345 144.211853 -144.211853
0.289331 0.305227 0.270051 0.311950 -45.422527 -134.577469 44.467186 -44.467186
0.519751 0.756020 0.293255 0.224255 18.409294 161.590698 14.976172 -14.976172
0.519722 0.712158 0.159567 0.348107 76.613190 103.386810 79.328850 -79.328850
0.570065 0.790728 0.281304 0.257918 27.439825 152.560181 22.100039 -22.100039
0.593266 0.799873 0.213689 0.344412 64.560356 115.439644 115.182625 -115.182625
0.635802 0.769614 0.293170 0.260902 26.201118 153.798889 156.396942 -156.396942
0.664836 0.447651 0.171041 0.339602 -86.876495 -93.123505 75.966660 -75.966660
0.300768 0.877488 0.261707 0.331755 -43.967175 -136.032822 133.858612 -133.858612
0.515363 0.354157 0.270982 0.322095 48.077763 131.922241 47.749805 -47.749805
0.655411 0.569752 0.290208 0.276988 26.052334 153.947662 27.915117 -27.915117
0.488488 0.654226 0.126670 0.327042 82.873131 97.126869 88.405724 -88.405724
0.496472 0.426897 0.285502 0.204567 13.650805 166.349197 160.454208 -160.454208
0.547181 0.648443 0.287580 0.212630 -15.135188 -164.864807 163.930298 -163.930298
0.357271 0.353729 0.286736 0.177522 8.959749 171.040253 171.446350 -171.446350
0.602140 0.200591 0.282914 0.295739 -34.593075 -145.406921 143.538315 -143.538315
0.622804 0.259919 0.291626 0.236426 21.931801 158.068207 20.367874 -20.367874
0.534352 0.424680 0.277592 0.304626 -39.672253 -140.327744 39.809731 -39.809731
0.594651 0.708524 0.285676 0.283561 34.090195 145.909805 32.816490 -32.816490
0.412338 0.429993 0.283836 0.198302 12.218801 167.781204 165.584366 -165.584366
0.574610 0.573995 0.271952 0.321377 -46.826092 -133.173904 45.694187 -45.694187
0.640833 0.696409 0.139367 0.330800 80.563240 99.436760 97.975426 -97.975426
0.632394 0.805356 0.229033 0.355223 -62.999920 -117.000076 120.302666 -120.302666
0.498810 0.697738 0.282902 0.289696 -32.088905 -147.911102 31.523045 -31.523045
0.625561 0.340695 0.290258 0.252709 -24.530495 -155.469513 24.384285 -24.384285
0.392834 0.503497 0.266773 0.324823 48.415550 131.584442 132.442810 -132.442810
0.590392 0.553825 0.122056 0.313135 89.999786 90.000214 93.604874 -93.604874
0.259431 0.379538 0.291636 0.298219 35.390835 144.609161 144.500168 -144.500168
